50
251 260 401
346 544 198
380 353 276
292 407 83
406 547 92
315 283 56
375 505 403
471 140 314
102 100 145
81 384 285
95 189 423
93 167 59
356 497 360
165 179 238
451 80 371
212 423 329
55 158 97
428 138 100
154 103 380
173 167 316
447 325 408
50 226 412
122 281 317
394 65 358
382 409 58
167 239 311
98 171 144
437 264 147
450 135 310
454 258 53
417 232 143
427 360 250
300 345 249
319 50 378
68 82 232
473 389 279
324 486 268
385 186 110
390 323 114
186 318 291
384 454 244
341 315 252
115 82 320
123 157 404
318 463 366
143 512 89
354 280 348
92 274 312
192 185 277
405 433 241


