100
223 1 138
270 49 46
288 52 161
121 8 290
63 83 107
249 13 70
42 127 172
29 89 206
102 125 197
284 27 271
138 92 124
66 54 143
202 139 74
154 142 98
48 79 45
297 148 151
52 60 243
289 21 179
158 129 64
82 97 252
131 120 48
20 105 176
185 43 276
243 123 102
90 39 59
6 72 83
58 69 264
68 65 53
230 134 86
147 82 181
276 137 152
178 74 120
246 80 41
26 111 187
98 34 144
273 40 165
99 78 136
46 145 23
71 118 76
65 62 153
168 88 202
285 7 20
175 42 178
10 17 19
232 5 66
51 121 188
165 107 77
278 122 295
251 29 236
196 100 282
137 61 244
245 114 254
143 71 251
265 101 54
161 28 247
263 94 130
94 59 210
76 143 2
115 10 213
77 75 240
123 96 270
120 124 241
180 117 284
293 91 140
9 144 249
107 99 182
177 110 215
73 55 128
103 45 237
219 141 171
261 12 203
1 44 287
254 149 90
191 3 157
104 106 196
135 4 177
257 25 170
179 150 262
233 66 71
269 115 13
67 103 164
212 58 194
155 135 242
111 68 228
30 126 199
7 31 6
201 63 12
142 48 139
236 86 112
91 102 33
72 64 288
226 85 61
146 104 296
280 130 50
225 90 44
117 136 103
159 132 298
250 19 235
153 70 56
122 38 108


